PreSumm - CNN/DM 1
bacc = 0.08974358974358974
f1 = 0.08974358974358974
loss = 6.688627433776856
