bacc = 0.09744110435411918
f1 = 0.09744110435411918
loss = 5.997093453274627
